daria_run.avi (2, 2, 0, 1, 1, 1, 1, 4, 4, 4, 4, 4)
denis_run.avi (2, 2, 0, 1, 0, 1, 1, 3, 3, 3, 3, 3)
eli_run.avi (2, 2, 0, 1, 3, 1, 1, 3, 3, 3, 3, 3)
ido_run.avi (2, 2, 0, 1, 0, 1, 1, 3, 3, 3, 3, 3)
ira_run.avi (2, 2, 0, 1, 2, 1, 1, 3, 3, 3, 3, 3)
lena_run1.avi (2, 2, 0, 1, 2, 1, 1, 4, 4, 4, 4, 4)
lena_run2.avi (2, 2, 0, 1, 0, 1, 1, 4, 4, 4, 4, 4)
lyova_run.avi (2, 2, 0, 1, 1, 1, 1, 3, 3, 3, 3, 3)
moshe_run.avi (2, 2, 0, 1, 0, 1, 1, 3, 3, 3, 3, 3)
shahar_run.avi (2, 2, 0, 1, 0, 1, 1, 3, 3, 3, 3, 3)
