daria_walk.avi (2, 2, 0, 1, 0, 1, 1, 2, 2, 2, 2, 2)
denis_walk.avi (2, 2, 0, 1, 0, 1, 1, 2, 2, 2, 2, 2)
eli_walk.avi (2, 2, 0, 1, 0, 1, 1, 2, 2, 2, 2, 2)
ido_walk.avi (2, 2, 0, 1, 0, 1, 1, 2, 2, 2, 2, 2)
ira_walk.avi (2, 2, 0, 1, 0, 1, 1, 2, 2, 2, 2, 2)
lena_walk1.avi (2, 2, 0, 1, 0, 1, 1, 2, 2, 2, 2, 2)
lena_walk2.avi (2, 2, 0, 1, 0, 1, 1, 2, 2, 2, 2, 2)
lyova_walk.avi (2, 2, 0, 1, 0, 1, 1, 2, 2, 2, 2, 2)
moshe_walk.avi (2, 2, 0, 1, 0, 1, 1, 2, 2, 2, 2, 2)
shahar_walk.avi (2, 2, 0, 1, 0, 1, 1, 2, 2, 2, 2, 2)
